1782457044305 0.12543 0
1782457190160 0.12509 1
1782457333946 0.21339 2
1782457474416 0.20936 3
1782457611787 0.27942 4
1782457733832 0.31118 5
1782457831411 0.36641 6
1782457928911 0.41975 7
1782458053268 0.46363 8
1782458175970 0.45139 9
1782458302946 0.5063 10
1782458428320 0.49149 11
1782458546746 0.50852 12
1782458663555 0.51927 13
1782458783418 0.52143 14
1782458901414 0.52917 15
1782459021267 0.54144 16
1782459141861 0.55321 17
1782459261471 0.55097 18
1782459380763 0.5524 19
1782459502582 0.55614 20
1782459643292 0.56408 21
1782459795833 0.56286 22
1782459923821 0.56521 23
1782460056775 0.56921 24
1782460194128 0.57516 25
1782460325225 0.57239 26
1782460482643 0.57412 27
1782460671671 0.5704 28
1782460833143 0.5719 29
1782460957186 0.5781 30
1782461090118 0.58158 31
1782461213256 0.58332 32
1782461352872 0.58782 33
1782461499828 0.58373 34
1782461649415 0.59095 35
1782461800699 0.59608 36
1782461959556 0.6023 37
