1782457044305 0.2103 0
1782457190160 0.23996 1
1782457333946 0.35129 2
1782457474416 0.37812 3
1782457611787 0.47147 4
1782457733832 0.52318 5
1782457831411 0.63019 6
1782457928911 0.67914 7
1782458053268 0.72795 8
1782458175970 0.7505 9
1782458302946 0.77015 10
1782458428320 0.78677 11
1782458546746 0.82123 12
1782458663555 0.81949 13
1782458783418 0.82755 14
1782458901414 0.84526 15
1782459021267 0.85231 16
1782459141861 0.85838 17
1782459261471 0.86064 18
1782459380763 0.87101 19
1782459502582 0.87705 20
1782459643292 0.87699 21
1782459795833 0.87885 22
1782459923821 0.87976 23
1782460056775 0.88243 24
1782460194128 0.88429 25
1782460325225 0.8903 26
1782460482643 0.88634 27
1782460671671 0.88635 28
1782460833143 0.89194 29
1782460957186 0.89044 30
1782461090118 0.89069 31
1782461213256 0.89329 32
1782461352872 0.89307 33
1782461499828 0.89211 34
1782461649415 0.89098 35
1782461800699 0.89195 36
1782461959556 0.88864 37
