1782457044305 0.28256 0
1782457190160 0.29786 1
1782457333946 0.32394 2
1782457474416 0.35402 3
1782457611787 0.40376 4
1782457733832 0.45256 5
1782457831411 0.55316 6
1782457928911 0.56838 7
1782458053268 0.66228 8
1782458175970 0.69057 9
1782458302946 0.69755 10
1782458428320 0.71629 11
1782458546746 0.77167 12
1782458663555 0.78296 13
1782458783418 0.78423 14
1782458901414 0.79852 15
1782459021267 0.80953 16
1782459141861 0.82867 17
1782459261471 0.80352 18
1782459380763 0.82419 19
1782459502582 0.85434 20
1782459643292 0.84349 21
1782459795833 0.86655 22
1782459923821 0.85114 23
1782460056775 0.84697 24
1782460194128 0.8617 25
1782460325225 0.86096 26
1782460482643 0.85967 27
1782460671671 0.86166 28
1782460833143 0.87813 29
1782460957186 0.86864 30
1782461090118 0.86402 31
1782461213256 0.8696 32
1782461352872 0.88272 33
1782461499828 0.88019 34
1782461649415 0.87323 35
1782461800699 0.85149 36
1782461959556 0.86112 37
