1782457044305 0.39774 0
1782457190160 0.44784 1
1782457333946 0.5347 2
1782457474416 0.5101 3
1782457611787 0.55805 4
1782457733832 0.5914 5
1782457831411 0.6643 6
1782457928911 0.67942 7
1782458053268 0.67131 8
1782458175970 0.6731 9
1782458302946 0.72619 10
1782458428320 0.73894 11
1782458546746 0.74297 12
1782458663555 0.75318 13
1782458783418 0.75929 14
1782458901414 0.78622 15
1782459021267 0.79377 16
1782459141861 0.80016 17
1782459261471 0.80467 18
1782459380763 0.82145 19
1782459502582 0.8216 20
1782459643292 0.81119 21
1782459795833 0.81323 22
1782459923821 0.83058 23
1782460056775 0.84645 24
1782460194128 0.83755 25
1782460325225 0.85063 26
1782460482643 0.84969 27
1782460671671 0.84613 28
1782460833143 0.83875 29
1782460957186 0.8452 30
1782461090118 0.8584 31
1782461213256 0.86003 32
1782461352872 0.85779 33
1782461499828 0.85661 34
1782461649415 0.8475 35
1782461800699 0.86753 36
1782461959556 0.8545 37
