1782457024655 1.56653 0
1782457176504 1.44052 1
1782457320708 1.43404 2
1782457461020 1.3908 3
1782457598485 1.36049 4
1782457724809 1.32338 5
1782457822507 1.28647 6
1782457919921 1.25676 7
1782458042710 1.24241 8
1782458165600 1.23549 9
1782458292233 1.21069 10
1782458418075 1.18974 11
1782458536634 1.1851 12
1782458653375 1.17341 13
1782458773490 1.16965 14
1782458891602 1.15315 15
1782459010906 1.13974 16
1782459131678 1.14134 17
1782459251324 1.12029 18
1782459369749 1.10883 19
1782459490697 1.11287 20
1782459628905 1.11007 21
1782459784730 1.09761 22
1782459912098 1.09628 23
1782460045425 1.09924 24
1782460183410 1.08996 25
1782460314298 1.08557 26
1782460468676 1.0749 27
1782460654878 1.06756 28
1782460822712 1.07344 29
1782460946276 1.05459 30
1782461079555 1.05585 31
1782461202262 1.05079 32
1782461341110 1.04147 33
1782461486336 1.04207 34
1782461636090 1.03237 35
1782461786942 1.03801 36
1782461945605 1.01968 37
