1782457024655 2.74241 0
1782457176504 2.20233 1
1782457320708 2.09477 2
1782457461020 1.91082 3
1782457598485 1.79171 4
1782457724809 1.61773 5
1782457822507 1.4943 6
1782457919921 1.37445 7
1782458042710 1.27698 8
1782458165600 1.23267 9
1782458292233 1.14463 10
1782458418075 1.08381 11
1782458536634 1.06452 12
1782458653375 1.00526 13
1782458773490 0.97697 14
1782458891602 0.94424 15
1782459010906 0.91049 16
1782459131678 0.89461 17
1782459251324 0.87144 18
1782459369749 0.84523 19
1782459490697 0.83341 20
1782459628905 0.81829 21
1782459784730 0.78514 22
1782459912098 0.76826 23
1782460045425 0.75588 24
1782460183410 0.74818 25
1782460314298 0.72541 26
1782460468676 0.72979 27
1782460654878 0.71201 28
1782460822712 0.70992 29
1782460946276 0.6933 30
1782461079555 0.68883 31
1782461202262 0.67365 32
1782461341110 0.65799 33
1782461486336 0.66363 34
1782461636090 0.65285 35
1782461786942 0.64264 36
1782461945605 0.63864 37
