1782457024655 1.35931 0
1782457176504 1.28327 1
1782457320708 1.29289 2
1782457461020 1.27439 3
1782457598485 1.25905 4
1782457724809 1.23512 5
1782457822507 1.21308 6
1782457919921 1.19497 7
1782458042710 1.18326 8
1782458165600 1.17916 9
1782458292233 1.17018 10
1782458418075 1.16036 11
1782458536634 1.1586 12
1782458653375 1.15087 13
1782458773490 1.14431 14
1782458891602 1.1359 15
1782459010906 1.12865 16
1782459131678 1.12518 17
1782459251324 1.11568 18
1782459369749 1.10687 19
1782459490697 1.10862 20
1782459628905 1.10441 21
1782459784730 1.09739 22
1782459912098 1.0941 23
1782460045425 1.09405 24
1782460183410 1.09211 25
1782460314298 1.08956 26
1782460468676 1.08501 27
1782460654878 1.07772 28
1782460822712 1.08576 29
1782460946276 1.07452 30
1782461079555 1.07485 31
1782461202262 1.0688 32
1782461341110 1.06664 33
1782461486336 1.06832 34
1782461636090 1.05929 35
1782461786942 1.06632 36
1782461945605 1.0515 37
