1782457024655 0.08021723237597912 0
1782457176504 0.060413274099216714 1
1782457320708 0.04060535582245431 2
1782457461020 0.0207934775456919 3
1782457598485 0.0009776392689294922 4
1782457724809 0.0009505000000000001 5
1782457822507 0.0009406 6
1782457919921 0.0009307 7
1782458042710 0.0009208 8
1782458165600 0.0009109000000000001 9
1782458292233 0.000901 10
1782458418075 0.0008911 11
1782458536634 0.0008812 12
1782458653375 0.0008713 13
1782458773490 0.0008614 14
1782458891602 0.0008515 15
1782459010906 0.0008416000000000001 16
1782459131678 0.0008317 17
1782459251324 0.0008218000000000001 18
1782459369749 0.0008119000000000001 19
1782459490697 0.0008020000000000001 20
1782459628905 0.0007921 21
1782459784730 0.0007822 22
1782459912098 0.0007723 23
1782460045425 0.0007624 24
1782460183410 0.0007524999999999999 25
1782460314298 0.0007426 26
1782460468676 0.0007327000000000001 27
1782460654878 0.0007228 28
1782460822712 0.0007129 29
1782460946276 0.000703 30
1782461079555 0.0006931 31
1782461202262 0.0006831999999999999 32
1782461341110 0.0006732999999999999 33
1782461486336 0.0006633999999999999 34
1782461636090 0.0006535 35
1782461786942 0.0006436 36
1782461945605 0.0006337000000000001 37
